1.225890214366164521e+00
1.294826726462358302e+00
1.543322847807154341e+00
1.197793138903301635e+00
1.931480212801516050e+00
1.452660930061154154e+00
1.616405235916325900e+00
1.596671642616125819e+00
1.309553730391799231e+00
1.122567758066931543e+00
1.499852192049455191e+00
1.385080167239033822e+00
1.834403843638939824e+00
1.769456679689883849e+00
2.183729866058846891e+00
9.257729008416231142e-01
1.537988006830431686e+00
1.890929936735513683e+00
1.295431105433461738e+00
2.336489019336225326e+00
1.912745554894761613e+00
1.897129611654237769e+00
6.596787198665519103e-01
2.295587134432405918e+00
2.603688322382364362e+00
2.311221849631178493e+00
1.757248597505581600e+00
1.975956705694511761e+00
2.585885694148795988e+00
1.991740941457015968e+00
2.256720544407213591e+00
1.387620947991428322e+00
1.654693936064776993e+00
1.388748692069546431e+00
8.383680571086254973e-01
6.841413686038747555e-01
6.667596324768700899e-01
8.209145827208111923e-01
7.252374394618604780e-01
8.232947810686711554e-01
1.331779757837170619e+00
6.013338631406742740e-01
4.015384877503079264e-01
3.426407064303760297e-01
6.116580427422956268e-01
5.553189462357404071e-01
9.138596313478598576e-01
4.261256468425825283e-01
5.650989780638095983e-01
4.196477605949863743e-01
8.846932694105810735e-02
2.289973045921945005e-01
3.647689593917514128e-01
1.532333996180995084e-01
5.524928553197485659e-01
8.663754176585688471e-01
3.896676766123832181e-01
4.484978345989086290e-01
2.755363910308188391e-01
6.898379665065522692e-01
2.712420465110600976e-01
1.282042487280193599e-01
1.418859065310978718e+00
3.582740158310246947e-01
5.895030830274800016e-01
4.168407082359462112e-01
3.226406429090578620e-01
3.238513094526778158e-01
3.946572422757224086e-01
7.605330429691917749e-01
8.280346536770875066e-01
9.711613775380912861e-01
5.186858009849404816e+00
2.202869613781383296e-01
3.214254164039111461e-01
1.609611100513212545e+00
6.019843115643858100e-01
8.360307708405760874e-01
2.825486301192785543e-01
1.174032058104539811e+00
1.293011894847762022e+00
1.402210890554999478e+00
1.379133479043270549e+00
9.557254325989598120e-01
1.121870272050152328e+00
1.629908569053894141e+00
9.989719028720037697e-01
1.234479994218936616e+00
1.243325243326059093e+00
1.617615472345613981e+00
1.729182547842150086e+00
1.150120445492531340e+00
1.295431105433461738e+00
1.801462465625613962e+00
1.867602719722007087e+00
1.800593172075325654e+00
1.109240539305424100e+00
8.632076124065208855e-01
1.009494110665744682e+00
1.297242553172358592e+00
1.317598284319614343e+00
8.591175581152894480e-01
1.402489979203801473e+00
1.006387887592391284e+00
9.739781612098460384e-01
4.605518113597097396e-01
5.482264046987578299e-01
4.261256468425825283e-01
6.999750294899694802e-01
5.934728809862737098e-01
8.744685144186444825e-01
6.006827104061089884e-01
9.299906592627135149e-01
7.625885717320380897e-01
6.154849658305736604e-01
6.626382953193812320e-01
1.457771016019490551e+00
1.531868301612707262e+00
7.412492464567170813e-01
1.052762522619790531e+00
8.536336712206255006e-01
5.248866541867031055e-01
6.078070256741823219e-01
6.489124985378275090e-01
5.914913123136851247e-01
6.440697490864734087e-01
9.499752886535344221e-01
4.279584622847200648e-01
9.354453175168083723e-01
4.664620079771671923e-01
1.062384025340653571e+00
5.671727596538639338e-01
8.517978639110718175e-01
5.692389865934317505e-01
7.475579535533032338e-01
1.402210890554999478e+00
8.582060102412535363e-01
6.422443042177528039e-01
9.993635897034031101e-01
3.700943537636614544e-01
7.697396992909182334e-01
7.610474456125625453e-01
5.035778079766923820e-01
6.391903117292874192e-01
1.168016273909142422e+00
7.917943418847807058e-01
8.180492038114987041e-01
1.311047186048632129e+00
1.078833888149473452e+00
1.069360385258538271e+00
7.631015888373909872e-01
1.446721443746470159e+00
1.275949017404191199e+00
1.334715269268749394e+00
1.612526377138330025e+00
2.107843508589203552e+00
1.203660131156900626e+00
1.877427101967187539e+00
1.604740540211498478e+00
1.648057611514085252e+00
2.432043055543038790e+00
2.075657254310996347e+00
2.313253374013607644e+00
2.412650740367780156e+00
2.294222561359561041e+00
1.998411505445029102e+00
2.310713689614011912e+00
2.649149774294121240e+00
2.163198782749399918e+00
2.251163105970477307e+00
1.786626972618661657e+00
1.812293465124048097e+00
2.158307565901307790e+00
2.147033731667782330e+00
1.826706356944896026e+00
2.774316741614277770e+00
1.907007184595391092e+00
1.586836168525054269e+00
2.277096439569329611e+00
1.849067825361728534e+00
2.175828534131539538e+00
2.032591694731772591e+00
1.829917576707167148e+00
1.734380786219352766e+00
1.858147739383428698e+00
1.261760507671001008e+00
1.259898054420358626e+00
1.707773152689454621e+00
4.780632566270081041e-01
1.269799577412886959e+00
1.376008292560210178e+00
1.908648478771122869e+00
1.277481752908084189e+00
1.680977331995720636e+00
1.481208933759808444e+00
1.118726204311276007e+00
5.446455006291089918e-01
1.338814174011201619e+00
1.165668419065189143e+00
1.635661595446323835e+00
1.205284783658086223e+00
1.388184934528730929e+00
8.194831455558981848e-01
1.982680353804587625e+00
1.427384561006457275e+00
9.017890064019612462e-01
1.550154958141016115e+00
1.871162172048243644e+00
1.848220915211552517e+00
2.074525468253561211e+00
1.617131486431733212e+00
1.751671351769491736e+00
1.662716731261427938e+00
2.312576397403945272e+00
1.527774882957346980e+00
1.389312220892643168e+00
1.338229384704488378e+00
1.500113118879053298e+00
1.213052831813988153e+00
1.526749813858548910e+00
1.241119840009093700e+00
2.159939201627389949e+00
1.721924119234018224e+00
1.834190460616581975e+00
1.319379303115781887e+00
2.121356409845750690e+00
1.087865237443180533e+00
1.532634600765750976e+00
1.419134880572558544e+00
1.110298503528726943e+00
1.135393975901153762e+00
6.052260684124437518e-01
1.024120030924689617e+00
9.903156028558212087e-01
6.608641404578294853e-01
9.544961747904019411e-01
6.864256805958197649e-01
9.993635897034031101e-01
5.855063709741705757e-01
1.183990452419825923e+00
1.144321001991536857e+00
1.563479339957631220e+00
1.126048708549249655e+00
9.270402430968537333e-01
1.061647005180596182e+00
1.307160652857915384e+00
1.306861210102098658e+00
1.753234768398392873e+00
1.169021054118988712e+00
1.936741957620656152e+00
1.486220887390290013e+00
8.877930891158390958e-01
7.121688580186360529e-01
7.942618050246040839e-01
6.293179533596758857e-01
7.692311090369985394e-01
7.348863866635043651e-01
5.760728898568482359e-01
1.587822456812735927e+00
6.280729981118315930e-01
1.088943966482136094e+00
1.032492986292850023e+00
3.391969837295315537e-01
7.290049827271476435e-01
5.517840710276736838e-01
9.295697445257181668e-01
1.099317115520371591e+00
4.270430378234785773e-01
3.815486793570088686e-01
5.855063709741705757e-01
4.579955236952981124e-01
8.439511365496187301e-01
7.198210304601029286e-01
6.013338631406742740e-01
3.805216247788785200e-01
5.241405410628864336e-01
4.034830034482390082e-01
3.202055780201001900e-01
5.278605610242137480e-01
6.058723384365376496e-01
3.846133880793110027e-01
6.236960860982053712e-01
5.352230417458277989e-01
4.681369311339840800e-01
3.815486793570088686e-01
5.337586698693220777e-01
3.189810748477827085e-01
4.605518113597097396e-01
4.405747368303611911e-01
4.813265440569826081e-01
6.818494041843662368e-01
4.731261261591347411e-01
3.516591364137872100e-01
1.361137570323967205e+00
1.581895505432645344e+00
1.844405008791355050e+00
1.168016273909142422e+00
3.313989275615960128e+00
1.332954738040743603e+00
1.140895795653044553e+00
8.137322185802464691e-01
7.605330429691917749e-01
1.197466352170633908e+00
1.084261723873604533e+00
9.189842276063834303e-01
2.272105731075154900e+00
8.686310632110152419e-01
5.241405410628864336e-01
1.094679237251153348e+00
8.346252575454744527e-01
5.546137735257471446e-01
8.704313713651404827e-01
8.336869323565505585e-01
9.312522620844387866e-01
2.447126431099313493e+00
8.251939969629914495e-01
1.034386479547858118e+00
9.017890064019612462e-01
3.647689593917514128e-01
1.963636691588017458e+00
1.046797648036947637e+00
1.050157058407451327e+00
1.088224932588103266e+00
9.099972473365227632e-01
5.980710103126730681e-01
8.308655991652560413e-01
8.921903967726843021e-01
9.287273428053827162e-01
1.140895795653044553e+00
4.869846829172778668e-01
7.257768572631102533e-01
1.481737305981870367e+00
1.223973189154822006e+00
9.867525047060669019e-01
7.099673752098714097e-01
1.077745041061208608e+00
1.000928804423451890e+00
7.506924269462467159e-01
7.491268295540217670e-01
6.904050412510266410e-01
5.553189462357404071e-01
6.065179198591210685e-01
8.717791628585275232e-01
6.218108357894712723e-01
5.861743820015060669e-01
8.591175581152894480e-01
5.352230417458277989e-01
3.549819843055889712e-01
3.449174207640784418e-01
2.238117810188297863e-01
2.880355349988924507e-01
1.251145344430836526e-01
4.788811631912684441e-01
3.876538689869220011e-01
3.582740158310246947e-01
2.373882609677590572e-01
3.140353198057527773e-01
3.647689593917514128e-01
3.936643883838593094e-01
6.336560356559641782e-01
5.308178072784638379e-01
2.853052730672655524e-01
6.274495942081922406e-01
2.036717727852554172e-01
4.306930618091079910e-01
7.475579535533032338e-01
3.034994284671405751e+00
4.780632566270081041e-01
1.016833365399940625e+00
1.228122962351267500e+00
3.538778350848650889e-01
3.152790320418338843e-01
1.315814855256456140e+00
1.361425077267483630e+00
1.114871415338023031e+00
1.527518680157174291e+00
1.406391406223013618e+00
1.595690822570272616e+00
1.882839852032709649e+00
1.703413040347121266e+00
1.775198557794755549e+00
2.103940168567493441e+00
2.172407715454631294e+00
2.398003652488237325e+00
1.736861402283453426e+00
2.147216037143317102e+00
1.638530535940470267e+00
2.345852367487664125e+00
1.588068933198902188e+00
1.633746170323285840e+00
2.062983746773542126e+00
2.854579235947909410e+00
1.102516526940024777e+00
1.529567101251185335e+00
1.451582830718617823e+00
1.665069022262620990e+00
2.100029576659557584e+00
1.765913939588103609e+00
7.412492464567170813e-01
1.448613921291192597e+00
1.125701097817735752e+00
8.289793762780963693e-01
1.029456153819780173e+00
1.268257559286735559e+00
9.803861372170210586e-01
1.578675784833883267e+00
1.421064088782259871e+00
1.028315029726156071e+00
7.808448851888667441e-01
1.374015837275815777e+00
4.149587910202557350e-01
1.003662057241654804e+00
5.760728898568482359e-01
7.702479537459085979e-01
5.263757077904057669e-01
8.402332052770826731e-01
3.051874526224817030e-01
5.278605610242137480e-01
5.403170911953741884e-01
4.054181928858466288e-01
4.396855797159158752e-01
3.039024440955946371e-01
3.333784053795558200e-01
5.417637366534012733e-01
3.177518529576316975e-01
4.215087437777020329e-01
2.783624847729691543e-01
7.952466467522774085e-01
7.707558730662700253e-01
3.936643883838593094e-01
1.341703946898555044e-01
5.424856127647276205e-01
3.876538689869220011e-01
9.091367115887312167e-01
1.834190460616581975e+00
6.760855023902291316e-01
5.760728898568482359e-01
7.625885717320380897e-01
9.815829760373512292e-01
1.453468979895882862e+00
4.528396604992986352e-01
9.082753606044325911e-01
5.482264046987578299e-01
2.769530426626222730e-01
1.263310454940486771e+00
9.585875711351034001e-01
1.321750262378148300e+00
1.276562332407139122e+00
8.299230235528615163e-01
1.866344822220082023e+00
7.813459163489447912e-01
9.299906592627135149e-01
1.662245873718338318e+00
1.187950439389513058e+00
1.878885914228454634e+00
1.612526377138330025e+00
1.953844969777452922e+00
1.775419028532193577e+00
1.544843705104322229e+00
1.384232204158783786e+00
1.844829388033909723e+00
1.089662525965601647e+00
4.698058831277079350e-01
1.245212480657729159e+00
7.066522922142973728e-01
9.261955409259228222e-01
8.744685144186444825e-01
7.661724782569280245e-01
1.226528557038334633e+00
8.430231908366891957e-01
7.600182921835851868e-01
7.863386709309366784e-01
1.043802429760167794e+00
9.731741977322948545e-01
1.248351537013624002e+00
1.284508783707694723e+00
1.335594664790199948e+00
1.401093980144798357e+00
1.413331458963900555e+00
1.542561856998006631e+00
7.912999260192215001e-01
1.064592024728619579e+00
1.046423714554248097e+00
6.268255703287543001e-01
1.156906105597170775e+00
8.987460222124686871e-01
7.813459163489447912e-01
1.045675446477766446e+00
5.417637366534012733e-01
2.332464655796618214e+00
7.246976201746334612e-01
2.170785447054157657e+00
1.052762522619790531e+00
1.173031569566875820e+00
6.280729981118315930e-01
3.582740158310246947e-01
8.952556620609428695e-01
5.173771076948987524e-01
9.970111607742826454e-01
1.127438079863369635e+00
1.046049647415666861e+00
9.396196632687563444e-01
1.368593125350414219e+00
8.784871061557579797e-01
1.553937598663745145e+00
9.779880660258969405e-01
7.055438033297335432e-01
1.567479542816788918e+00
1.122219069239645872e+00
4.588492019183300075e-01
1.635422289956824260e+00
6.743467254428198165e-01
1.102516526940024777e+00
8.749159360404979990e-01
1.925391107762842724e+00
1.634943573925466076e+00
1.807968848992690392e+00
1.190911789619034211e+00
1.547122188534465481e+00
6.632286256735938634e-01
2.716132708216919767e+00
2.208682514433918609e+00
6.667596324768700899e-01
8.873521599408886740e-01
2.987071358280474209e-01
6.286957838839439816e-01
1.590039369189583329e+00
9.117158823540645329e-01
7.364822549802390039e-01
1.148758504224196342e+00
5.051296793432729082e-01
1.541546618357490850e+00
3.683764213588162306e+00
1.527006145629415723e+00
9.151434704912961848e-01
7.863386709309366784e-01
1.755688754023369214e+00
1.852874132282024355e+00
6.126439441909076855e+00
3.208331748290974783e+00
9.634743153061801069e-01
3.089841555161145337e+00
7.798418572247893810e-01
5.128185996565368665e-01
7.991738780854106272e-01
8.494975262269021110e-01
1.280847315860481839e+00
1.298448781280059805e+00
1.466337232116846856e+00
8.802672586780451169e-01
9.981880681648652720e-01
8.613922078970247531e-01
7.263158744729056870e-01
1.108534668948647717e+00
8.074558302412796484e-01
6.230683031151382778e-01
1.167010628717526588e+00
9.974036175240788005e-01
1.207231481034818588e+00
1.152160339207138229e+00
1.293314543603863331e+00
2.061085497827296997e+00
6.167553302428692152e-01
2.595103985741804564e+00
5.140489208932118359e+00
3.928847262485353209e+00
2.273655743346781666e+00
2.498888610003155542e+00
2.335148335011617782e+00
2.631356956962373150e+00
1.180348795166293874e+00
5.330249753340146057e-01
7.927822486531334034e-01
7.584885035863204727e+00
9.942596264497320924e-01
8.280346536770875066e-01
1.106768023734732376e+00
1.036276513376869657e+00
9.851647694284894063e-01
9.589957508197259894e-01
1.446991949186833715e+00
2.428660571505277144e+00
1.585602445654273440e+00
8.127697748697777502e-01
8.582060102412535363e-01
2.915375171233318685e+00
1.093248239943474420e+00
1.076655092926370294e+00
9.387862788968652783e-01
3.038604230368997516e+00
2.343180940988494942e+00
1.401093980144798357e+00
1.601811097250021909e+00
1.711893544820090707e+00
2.403873190947384497e+00
1.161295525505247728e+00
1.413331458963900555e+00
1.804067833881445759e+00
1.462863255330867807e+00
1.726917565139948207e+00
2.145027349304724495e+00
4.155861912387548429e+00
1.035142907148641322e+00
1.211115490086981383e+00
8.784871061557579797e-01
1.420513153736018941e+00
1.281458286893672582e+00
1.044926642628975388e+00
8.016186280439212553e-01
1.322934148832244583e+00
1.558966845858166694e+00
1.271339725520139075e+00
1.296035202613078807e+00
9.257729008416231142e-01
1.084261723873604533e+00
1.296639018395064680e+00
1.034008058258592655e+00
1.200730217913426268e+00
1.509994936120532039e+00
1.061647005180596182e+00
1.386492286809456465e+00
1.380835145567901989e+00
1.316409600022708126e+00
1.567729216679571103e+00
1.334128683614674626e+00
1.311345673112910060e+00
1.459917281200008743e+00
1.040046278162477522e+00
1.435314190283881519e+00
1.297845807336985402e+00
9.261955409259228222e-01
1.196158312599127971e+00
1.248978401708076280e+00
9.759851727934117926e-01
1.418307273909069854e+00
1.516461022483435395e+00
1.188279842699787148e+00
1.615920887619751500e+00
1.360274684958173053e+00
1.062384025340653571e+00
1.178689777545334882e+00
7.732904657466316278e-01
1.858358372497636690e+00
1.728050427472090478e+00
1.446721443746470159e+00
9.061184012215426353e-01
8.030819059398774939e-01
1.317895287901232004e+00
1.445097347985703662e+00
1.984259078944712984e+00
9.966185494952172208e-01
1.010269174316383856e+00
1.643300976028795768e+00
1.258032844351084645e+00
1.440757477482704108e+00
1.027553576380208611e+00
1.034764762460639309e+00
1.053134205652701993e+00
1.231623389727741547e+00
1.026028974565105001e+00
1.308058569903429280e+00
1.399696589053004869e+00
1.222053157182931837e+00
9.013549232916098219e-01
1.239542149934160120e+00
9.524438865011063404e-01
2.373882609677590572e-01
9.104272102192150218e-01
9.416998978104903495e-01
1.034764762460639309e+00
6.561096082944954944e-01
8.758100936202274367e-01
1.071554011201985679e+00
9.211110621981214441e-01
6.596787198665519103e-01
1.046797648036947637e+00
9.441901300504722538e-01
5.848375969608494707e-01
3.090104182023284407e-01
1.185311917850493169e+00
6.655847114983520774e-01
6.679324868169297380e-01
1.154874593388016679e+00
8.336869323565505585e-01
4.837595640896120708e-01
9.683364009752896129e-01
9.659084171360984294e-01
8.978747040976662319e-01
8.098755817083083119e-01
9.475002597842168139e-01
8.842594999840748260e-01
8.402332052770826731e-01
5.928130940359853662e-01
1.040046278162477522e+00
1.091815367316256058e+00
8.572934932045495060e-01
2.502292180346853412e-01
1.089303305466498228e+00
6.167553302428692152e-01
2.438932630331632767e-01
1.030216201084710459e+00
7.279305314491438805e-01
3.274564541326893674e-01
1.181674332487151258e+00
9.553158557302978693e-01
9.985800624194618447e-01
1.198446445087598011e+00
2.853052730672655524e-01
1.704102220577212501e+00
8.308655991652560413e-01
8.364987505117037481e-01
1.071919179132641675e+00
2.517882961682785248e-01
9.763860800962264053e-01
1.032113870835842384e+00
5.928130940359853662e-01
1.034008058258592655e+00
1.186961681045219708e+00
9.320923820490635281e-01
2.825486301192785543e-01
1.022972955053498501e+00
3.471792054751944301e-01
1.050157058407451327e+00
1.134014350769126933e+00
1.389593899622007411e+00
1.621240762521468648e+00
1.573709508938199386e+00
9.022228806807955914e-01
1.785969628182046964e+00
9.078443786735358456e-01
7.236167735474690055e-01
1.264858503226101050e+00
1.611069398061770519e+00
1.632787615370310252e+00
1.671169487727609759e+00
1.158934057227893444e+00
1.461792678795316602e+00
1.084983383930143930e+00
1.236064144548753019e+00
9.763860800962264053e-01
1.762586155682029698e+00
6.561096082944954944e-01
1.776741278631550180e+00
1.974173084937741462e+00
1.651142078389042478e+00
1.745627918234470499e+00
1.492265472307497509e+00
1.463130777093901713e+00
1.068994343347379639e+00
1.082816961049435367e+00
1.486220887390290013e+00
1.496717522838654446e+00
1.345230081309485515e+00
1.319675905935700388e+00
2.227916539732462731e+00
1.037031562507285010e+00
1.046423714554248097e+00
1.757694012899118308e+00
1.518524356410057674e+00
1.417755267793439078e+00
1.756134564922239960e+00
1.673977590980112229e+00
1.791877049735167926e+00
1.875549819528030460e+00
2.430755044865146264e+00
2.510610311990767674e+00
3.794917906368188709e-01
1.846101940629796268e+00
1.008330398254699611e+00
1.934517580752607824e+00
2.024294108793307512e+00
2.722754815111916749e+00
2.373226153484509382e+00
1.966624414834923229e+00
2.094056543009588989e+00
1.010620065149580427e+01
1.353640960139528948e+00
9.719670057632895377e-01
1.864246440908845281e+00
8.146935253784730602e-01
2.367776699499293258e+00
1.091456855275462212e+00
1.099317115520371591e+00
8.213911741330812699e-01
1.162306114820453207e+00
1.883047724124472744e+00
1.530845972858323689e+00
1.289374569661794645e+00
1.047918647980291107e+00
8.001526743603011305e-01
2.347020160966012181e+00
4.221321355972939671e+00
8.749159360404979990e-01
8.402332052770826731e-01
1.327659139735377636e+00
2.027771646850797360e+00
2.771916772214680691e+00
2.381459155261457017e+00
2.673128799265512612e+00
1.639724446727148122e+00
1.177028421877261755e+00
9.308319177841851699e-01
1.067528920738624709e+00
1.856040093996851548e+00
6.988559500935922486e-01
1.097892162522931869e+00
8.956927008422768122e-01
5.719823456302929321e-01
4.647810491027406510e-01
9.168524598060775466e-01
3.228405655834169607e+00
1.488851982472751967e+00
2.052140217815440870e+00
1.535186169410249324e+00
1.992330418647005663e+00
1.096465357902482340e+00
1.178357693771742598e+00
1.251169955203756068e+00
8.303944450886758810e-01
9.791878356721054333e-01
9.412842186540045786e-01
1.132633045379532133e+00
1.038525271972212671e+01
1.849491135057396374e+00
2.661534023364226176e+00
1.064592024728619579e+00
8.379011213981776285e-01
2.446646482395941735e+00
7.661724782569280245e-01
8.490367108549369268e-01
1.952442145238952653e+00
9.270402430968537333e-01
2.003692904726649626e+00
1.468737480556490116e+00
1.279930312567097772e+00
8.952556620609428695e-01
9.450187493641112324e-01
1.792095469278860431e+00
4.034830034482390082e-01
1.187620944727714845e+00
4.647810491027406510e-01
2.012269941174769983e+00
1.037408881016953943e+00
9.009206310478831137e-01
1.466604120333328209e+00
1.004831175596735848e+00
1.073013937368486603e+00
7.793398591779846507e-01
1.044552039429923695e+00
1.075564040397643861e+00
1.978235075719462221e-01
1.384514916212673086e+00
1.340567011611172976e+00
8.820438187623479420e-01
7.873334227987048850e-01
1.306861210102098658e+00
1.608151480905820385e+00
1.191568868125724157e+00
5.774299653769866536e-01
1.540530710817364035e+00
1.276255711741257848e+00
1.694428196630059835e+00
1.742486036739375965e+00
1.177693245343097272e+00
1.224612530945345279e+00
1.606690535636467798e+00
1.052762522619790531e+00
2.028929502218173919e+00
1.680977331995720636e+00
1.940779750136560677e+00
1.686324129062162891e+00
2.673568116902845127e+00
2.228619219482830260e+00
2.107843508589203552e+00
1.768128983739711391e+00
2.247160212112014666e+00
2.358998216515109103e+00
2.912553686847526802e+00
2.755058494655914014e+00
2.659326777086739479e+00
3.286582625265071833e+00
3.133253726464065192e+00
2.941445538235485824e+00
3.677380255911374185e+00
3.187026076151945553e+00
3.440938601503063410e+00
2.496067215926262683e+00
2.997872546682552208e+00
3.082610319159664769e+00
2.998133733630958364e+00
2.948491524945978881e+00
2.938249349687047207e+00
2.422366292178855129e+00
2.684965163410626410e+00
2.650184003830786228e+00
2.283962290436324150e+00
2.684819353361402872e+00
9.655031596064268529e-01
1.801027871280417525e+00
9.108569701584005029e-01
1.770120154339398288e+00
1.284508783707694723e+00
1.453199679864168425e+00
1.667417995732222602e+00
1.155552160902745484e+00
4.159008140509800611e-01
6.904050412510266410e-01
1.373730964945707234e+00
1.024884035006032201e+00
4.893895747597349355e-01
1.199425737253172031e+00
6.501175496302226131e-01
1.184981689629623469e+00
1.192881939474863762e+00
1.462863255330867807e+00
1.130904041399990012e+00
1.612040863722290052e+00
1.508438951982612242e+00
7.661724782569280245e-01
1.078108112264326346e+00
6.379646213934413446e-01
1.838240503907418333e+00
7.246976201746334612e-01
6.324196198918650147e-01
1.270107756418040079e+00
1.036654106677274756e+00
9.159983636750919089e-01
1.487537016522696431e+00
5.226451195254468995e-01
1.331191878893220215e+00
1.219167440467832986e+00
1.067528920738624709e+00
7.099673752098714097e-01
1.506578634376723180e-01
1.229396998025253041e+00
7.957386105639818741e-01
1.203009655905538988e+00
9.851647694284894063e-01
7.773286252992374079e-01
7.853426591439902626e-01
1.122567758066931543e+00
1.040046278162477522e+00
3.626169041463060405e-01
6.230683031151382778e-01
1.038916784843756602e+00
1.358547270344032887e+00
6.708556522096519315e-01
1.282374197741816158e+00
1.837388604838537054e+00
1.701343825112955566e+00
9.993635897034031101e-01
1.566230576641807648e+00
1.213697925282573697e+00
1.337059038923248400e+00
1.845677853885883568e+00
1.394654390376735220e+00
1.194521249193091217e+00
8.527162615667220891e-01
1.661068146082659069e+00
8.668270163021339902e-01
1.294222065304993174e+00
1.134359414336673977e+00
1.308058569903429280e+00
1.999194814996573255e+00
1.472994933728507538e+00
1.643062782881787864e+00
1.218204016067168549e+00
1.438854668851115903e+00
9.671231709219357819e-01
1.891343880407848177e+00
1.036654106677274756e+00
1.895478346997893082e+00
1.001319725850462472e+00
1.814451909200139879e+00
1.220771458440740975e+00
2.238258707269694892e+00
1.229078612897515521e+00
1.502198902293855109e+00
1.156567767997665364e+00
2.363474345787103470e+00
1.889687561859999088e+00
1.303562800753423234e+00
2.362480382887468977e+00
2.367115307616734388e+00
1.804067833881445759e+00
8.285071496231798394e-01
1.989774756749713269e+00
1.966823435077994287e+00
7.375442489242598487e-01
1.423540658418017468e+00
1.244269219742580201e+00
8.559228936879242911e-01
1.598386629841583195e+00
1.851183406195137771e+00
2.174208816925132126e+00
3.064521530274119776e+00
1.722378666895467259e+00
1.076291531626347941e+00
3.467013759030864062e+00
2.391301363274345171e+00
2.355178511326546431e+00
2.679564911194695753e+00
3.326607699685244057e+00
2.060705638296707054e+00
1.613982041313535731e+00
3.038861919691723035e+00
2.931579441269346553e+00
2.959095229812687577e+00
2.554969092078869242e+00
1.736861402283453426e+00
4.813853910494253263e+00
1.841431616554594086e+00
1.571220486004393235e+00
2.007011103066591584e+00
1.987018830921611467e+00
1.621240762521468648e+00
2.090501983075618408e+00
2.195885121109403038e+00
1.942392517818624320e+00
1.593972935626152942e+00
1.337644339787016134e+00
1.521614112445187850e+00
1.611069398061770519e+00
1.305362966145464876e+00
1.131595959967101495e+00
1.213052831813988153e+00
1.415268576452161531e+00
9.907107116976907601e-01
1.220771458440740975e+00
8.838168080721445774e-01
1.511031368932935548e+00
9.985800624194618447e-01
1.126743608330442514e+00
1.471399832084116399e+00
1.224612530945345279e+00
1.313433183562971340e+00
1.278400512275175593e+00
1.219488412820721956e+00
1.053505757568422130e+00
1.027934373552455316e+00
1.329426682565508777e+00
1.359123319114593276e+00
1.267948930658987061e+00
1.218846383602493866e+00
1.080283977281945029e+00
9.930780639017656730e-01
1.182998384768587874e+00
2.825486301192785543e-01
8.142130138415963891e-01
7.257768572631102533e-01
1.668591242771840788e+00
1.104289972882557258e+00
1.009106355625083440e+00
1.348136310839459506e+00
6.614560541251901515e-01
1.062384025340653571e+00
7.077590450788086018e-01
7.569224366742411947e-01
6.847131610207967123e-01
9.512103883226252776e-01
6.428533617643804599e-01
1.086064975016925560e+00
9.022228806807955914e-01
6.084505544248276498e-01
5.623220397583895691e-01
1.157920525314834581e+00
8.016186280439212553e-01
1.038540014120361565e+00
9.618481589369336504e-01
1.076655092926370294e+00
9.847674356647352356e-01
1.100028899909470059e+00
1.272570502155260685e+00
2.947505664483940913e-01
1.105706681898645183e+00
1.089303305466498228e+00
1.594463949282211690e+00
6.428533617643804599e-01
1.036276513376869657e+00
1.091098225449375958e+00
1.059802212645391428e+00
9.261955409259228222e-01
1.184320956991356644e+00
4.343124121241878632e-01
5.623220397583895691e-01
1.504021590512735651e+00
9.078443786735358456e-01
8.137322185802464691e-01
3.743001213053104292e-01
6.691032853862067808e-01
1.013749628402635938e+00
3.538778350848650889e-01
1.443742539539861980e+00
6.199198524616739148e-01
4.829499192866260060e-01
1.607125501442692173e-01
7.952466467522774085e-01
4.925778337504007065e-01
7.241573985035724137e-01
6.255756552193839637e-01
7.225343101584401628e-01
8.420942226484916526e-01
3.202055780201001900e-01
1.093963972552078445e+00
4.813265440569826081e-01
5.595313202001694908e-01
2.373882609677590572e-01
1.062384025340653571e+00
7.263158744729056870e-01
1.077018531516100497e+00
1.375154736577752557e+00
9.283058553027508930e-01
7.060982652852234587e-01
7.768250032593383425e-01
1.258654888110197545e+00
1.106768023734732376e+00
1.000146503224656147e+00
1.451313180775459788e+00
8.030819059398774939e-01
6.367365717588240326e-01
1.198119836517995918e+00
5.403170911953741884e-01
7.858408228266340334e-01
1.207879683058281417e+00
1.418307273909069854e+00
1.326774485451732932e+00
1.153518264527560122e+00
1.421890091179387250e+00
1.484639992674895215e+00
1.663658046665875023e+00
1.957647571092819838e+00
1.575449485826636797e+00
1.338814174011201619e+00
1.185642054108430266e+00
1.104998554406259936e+00
1.609367922485392732e+00
1.400535190985259248e+00
1.413054511159340443e+00
1.733929383952009795e+00
1.054990656829309925e+00
1.482793485718361337e+00
1.067895464893706459e+00
1.740013436885069265e+00
1.530845972858323689e+00
1.671871955590412240e+00
1.083539583233873671e+00
1.348136310839459506e+00
1.957647571092819838e+00
1.763696114423913386e+00
4.440914111808184295e+00
2.294051932684006534e+00
2.385400908749158777e+00
2.587399138660896103e+00
1.378849663822692140e+00
1.950637031859987935e+00
2.274344298787466023e+00
2.411190033134644750e+00
2.056332212392541159e+00
2.637301224556372503e+00
2.065448863378360311e+00
1.806669446222463948e+00
2.335986352834950264e+00
1.958447178297206825e+00
2.103381957516260670e+00
2.125411951682164791e+00
2.137166153540022595e+00
1.961243237238106563e+00
2.107100572478877609e+00
2.250467461704331207e+00
2.323889756489439407e+00
1.910902957299252858e+00
2.282076239564869269e+00
2.516995113076972324e+00
2.184805107501316623e+00
2.060895576810081842e+00
6.783969395175264427e-01
1.127438079863369635e+00
3.532579997156787943e+00
9.151434704912961848e-01
2.583159261035929521e+00
1.499591219829317312e+00
5.868416326484124923e-01
4.523246310393899350e+00
6.760855023902291316e-01
9.767868228686682475e-01
1.671637832426414727e+00
2.694135299089519542e+00
1.602788172992261728e+00
4.042153077030524955e+00
7.962302704274401011e-01
1.735734288875329767e+00
4.222249151524259503e+00
1.237646267529202149e+00
1.136427595762691256e+00
7.261824642815643216e+00
1.972784709910508028e+00
3.997823010124189391e+00
1.113466365597302277e+00
2.634925125583874816e+00
7.470342627376981293e-01
1.416374311484120518e+00
2.362480382887468977e+00
1.669998051507070480e+00
2.545297980595305987e+00
1.480416021917614344e+00
2.619577429841591254e+00
2.610595464778273644e+00
7.903101664320659747e-01
1.074107579929308942e+00
3.910061606401875611e+00
2.824106773305769202e+00
1.494624091796613152e+00
5.533853534315155365e+00
1.514394877963952446e+00
1.459649170601467816e+00
4.418097429284237876e+00
2.455749477663383473e+00
1.717372027685600155e+00
1.012977227494038734e+00
1.886578046586852686e+00
1.555699684131154337e+00
2.062794000452297993e+00
3.539667343107157027e+00
2.115443567093290955e+00
2.545605564325014392e+00
1.172697883732431112e+00
2.235108539942629147e+00
1.040798592812991030e+00
1.370307878568878257e+00
6.644077129176098051e-01
7.380746729011511409e-01
2.003888244900126292e+00
1.121521366397348007e+00
1.422440493024125674e+00
1.212407395157697909e+00
2.095924943759787773e+00
1.184651369368915574e+00
1.285726956255769826e+00
1.026410337302593012e+00
4.597012948734733873e-01
1.032113870835842384e+00
1.277788079419318601e+00
1.473526250648294234e+00
1.283289454994247292e+00
1.174032058104539811e+00
1.234162920184225687e+00
1.308058569903429280e+00
1.059432868701557062e+00
1.609124707717104030e+00
1.292103523316160851e+00
1.394654390376735220e+00
9.022228806807955914e-01
1.311345673112910060e+00
1.359986934862665642e+00
9.899203363291096958e-01
1.066428532447667887e+00
1.299051475391789001e+00
1.053877178505630674e+00
1.175697647288789449e+00
1.415821551891446983e+00
1.125353379726467873e+00
1.349297050264473441e+00
1.838027566144019076e+00
1.102516526940024777e+00
1.287552054445450844e+00
1.172030227094775112e+00
8.744685144186444825e-01
9.450187493641112324e-01
1.051274476534071356e+00
1.514911678215534963e+00
8.531750896946139751e-01
1.837601616618155465e+00
3.774236925880607441e-01
8.659235835141363413e-01
1.314326816116146990e+00
1.462863255330867807e+00
2.042964203949966251e+00
1.891343880407848177e+00
1.301158706723416714e+00
1.697197828557680088e+00
1.282068966816668043e+00
1.580905520413871557e+00
1.850760483424709557e+00
1.646156606205874562e+00
1.632787615370310252e+00
6.452838435675192219e-01
1.168351296644598802e+00
1.029836247561650708e+00
1.357970977260489320e+00
9.383693091813823939e-01
1.247410649403036365e+00
1.171028028497648199e+00
1.175364718247718709e+00
1.056102961315437572e+00
1.115573276676665282e+00
1.275335407503890739e+00
1.140552709349227589e+00
1.192225584544994277e+00
8.554655392342819242e-01
8.816000143438823544e-01
1.053134205652701993e+00
1.131595959967101495e+00
9.211110621981214441e-01
1.008330398254699611e+00
8.677295085572297451e-01
7.165515339198260669e-01
1.090739477721815343e+00
1.044926642628975388e+00
1.024502104175566863e+00
5.553189462357404071e-01
9.847674356647352356e-01
1.015292667554378747e+00
9.735762624505858165e-01
8.308655991652560413e-01
6.960503805076553308e-01
5.467968570998396061e-01
6.348900436663849067e-01
8.582060102412535363e-01
9.362816754175643519e-01
7.903101664320659747e-01
6.766641018605309421e-01
8.142130138415963891e-01
4.073441889832796758e-01
4.063823319179672433e-01
7.631015888373909872e-01
9.228090008854421544e-01
1.143636781298172256e+00
6.103770699571260394e-01
6.013338631406742740e-01
9.811841919583166316e-01
8.393011492622528547e-01
9.835744714052695459e-01
5.881738631493025338e-01
4.925778337504007065e-01
1.885332804994839240e+00
1.699962949439465687e+00
1.523156640652291172e+00
1.536969747684852949e+00
1.014521441309090610e+00
1.248665008692569911e+00
2.709494428845593106e+00
8.237699955148084507e-01
1.634943573925466076e+00
5.967655170343121540e+00
1.671169487727609759e+00
1.156567767997665364e+00
1.860884110882453868e+00
2.234057497570372419e+00
1.270723890244151777e+00
2.132215247887472298e+00
1.978925835950098522e+00
1.604740540211498478e+00
6.224398869854325111e-01
3.262591655147883407e-01
3.182108075443927042e+00
6.852844763644533321e-01
1.035898782455742628e+00
2.073393064667592434e+00
1.285726956255769826e+00
6.999750294899694802e-01
7.981938816269021908e-01
9.667184225804410502e-01
1.490428410546783322e+00
1.102871444240123511e+00
8.213911741330812699e-01
4.370072539760272434e-01
8.939432638422496469e-01
2.544990359715948003e+00
2.890424579020846707e+00
1.203009655905538988e+00
1.358835325249013293e+00
6.416346685611897804e-01
