5.538036227226257324e-01
6.370358467102050781e-01
6.082506775856018066e-01
5.709844231605529785e-01
5.687822103500366211e-01
5.544521212577819824e-01
1.646363139152526855e-01
4.432799518108367920e-01
4.924984574317932129e-01
6.205760836601257324e-01
3.692779541015625000e-01
1.911799162626266479e-01
3.093492090702056885e-01
5.012513995170593262e-01
3.947281539440155029e-01
7.899327278137207031e-01
7.454718351364135742e-01
7.617617249488830566e-01
7.243965268135070801e-01
6.670366525650024414e-01
8.746308684349060059e-01
4.583587646484375000e-01
5.025405287742614746e-01
1.044904887676239014e-01
2.798312008380889893e-01
3.506815731525421143e-01
1.136801958084106445e+00
2.128623425960540771e-01
5.281627774238586426e-01
5.512197017669677734e-01
4.319082498550415039e-01
6.380509734153747559e-01
4.834151566028594971e-01
3.648710548877716064e-01
8.108315467834472656e-01
6.794691085815429688e-01
2.446656972169876099e-01
1.411094367504119873e-01
1.338872760534286499e-01
3.928555846214294434e-01
6.619814038276672363e-01
3.743973970413208008e-01
6.376722455024719238e-01
9.399308562278747559e-01
8.361055254936218262e-01
8.061851859092712402e-01
7.149238586425781250e-01
3.784631490707397461e-01
2.905589342117309570e-01
2.810863852500915527e-01
7.282194495201110840e-01
4.577128291130065918e-01
6.290507912635803223e-01
7.510591745376586914e-01
6.485900878906250000e-01
8.262527585029602051e-01
3.538150191307067871e-01
4.824094176292419434e-01
5.070945620536804199e-01
9.242102503776550293e-01
6.127820014953613281e-01
5.172383785247802734e-01
9.615796208381652832e-01
7.710605859756469727e-01
9.152891039848327637e-01
3.438057005405426025e-01
4.148263633251190186e-01
4.527227878570556641e-01
3.002146780490875244e-01
8.358371853828430176e-01
6.517768502235412598e-01
6.799675226211547852e-01
4.523071765899658203e+00
1.073215365409851074e+00
9.080429077148437500e-01
1.518423676490783691e+00
7.845867872238159180e-01
1.288975596427917480e+00
7.931581735610961914e-01
1.381369471549987793e+00
1.422507643699645996e+00
2.522679090499877930e+00
1.916481375694274902e+00
1.424449205398559570e+00
2.182559967041015625e+00
2.345870018005371094e+00
1.820417642593383789e+00
2.205038547515869141e+00
1.741931557655334473e+00
2.484233140945434570e+00
2.169382572174072266e+00
2.093244075775146484e+00
1.855130791664123535e+00
2.572053432464599609e+00
2.535117864608764648e+00
2.350317001342773438e+00
1.531888723373413086e+00
1.211314320564270020e+00
1.089985728263854980e+00
1.632422685623168945e+00
1.377730250358581543e+00
7.987594604492187500e-01
1.734349966049194336e+00
1.564891695976257324e+00
1.668853044509887695e+00
6.131494045257568359e-01
1.042130231857299805e+00
8.738883137702941895e-01
9.951050281524658203e-01
4.768595397472381592e-01
1.091239333152770996e+00
7.613734602928161621e-01
1.292059540748596191e+00
8.910053372383117676e-01
9.385173320770263672e-01
8.046168684959411621e-01
1.116600513458251953e+00
6.649526953697204590e-01
9.258286356925964355e-01
6.086011528968811035e-01
5.063841938972473145e-01
5.758527517318725586e-01
3.990635871887207031e-01
5.278785228729248047e-01
5.044927597045898438e-01
9.092097282409667969e-01
8.434640169143676758e-01
6.212072968482971191e-01
5.839532613754272461e-01
5.034048557281494141e-01
7.115747928619384766e-01
7.604693770408630371e-01
5.732761621475219727e-01
3.325687646865844727e-01
3.824501037597656250e-01
9.164215922355651855e-01
7.699234485626220703e-01
4.689927995204925537e-01
6.394516229629516602e-01
3.582603633403778076e-01
2.391948699951171875e-01
5.674673914909362793e-01
4.409416019916534424e-01
5.121555924415588379e-01
3.499233424663543701e-01
4.719784855842590332e-01
2.684784829616546631e-01
3.960417807102203369e-01
5.573266744613647461e-01
1.528434455394744873e-01
6.935674548149108887e-01
4.132726192474365234e-01
4.483136832714080811e-01
3.491167426109313965e-01
5.518324375152587891e-01
5.696164369583129883e-01
4.291677772998809814e-01
3.012029528617858887e-01
8.441549539566040039e-01
5.945686697959899902e-01
3.065828680992126465e-01
7.329506874084472656e-01
6.733205914497375488e-01
2.340911328792572021e-01
4.793922007083892822e-01
4.238848984241485596e-01
2.286798655986785889e-01
4.255521595478057861e-01
1.029011964797973633e+00
4.501182734966278076e-01
2.021818459033966064e-01
5.559645891189575195e-01
5.136491060256958008e-01
3.196736276149749756e-01
5.143604278564453125e-01
6.623438596725463867e-01
4.427775740623474121e-01
6.880090236663818359e-01
5.261785387992858887e-01
7.170124053955078125e-01
2.638725042343139648e-01
7.697808146476745605e-01
3.108237087726593018e-01
4.396951198577880859e-01
4.280005097389221191e-01
5.913616418838500977e-01
4.717481136322021484e-01
5.312343239784240723e-01
7.101640105247497559e-01
3.573458790779113770e-01
4.980085194110870361e-01
2.698126137256622314e-01
2.788852453231811523e-01
7.437614798545837402e-01
3.437849581241607666e-01
7.038925290107727051e-01
1.134104967117309570e+00
2.943202257156372070e-01
3.539841771125793457e-01
3.433754444122314453e-01
7.161679267883300781e-01
3.891565799713134766e-01
5.759930610656738281e-01
5.339464545249938965e-01
3.937612473964691162e-01
5.472423434257507324e-01
6.008419394493103027e-01
6.368843317031860352e-01
2.579630017280578613e-01
3.763050734996795654e-01
4.799857437610626221e-01
5.859826207160949707e-01
4.377188682556152344e-01
6.765748858451843262e-01
6.149840950965881348e-01
8.424374461174011230e-01
4.457835555076599121e-01
8.226884603500366211e-01
1.274941205978393555e+00
9.146774411201477051e-01
7.954750061035156250e-01
5.470391511917114258e-01
7.754324674606323242e-01
9.487624168395996094e-01
1.495580315589904785e+00
9.811913967132568359e-01
9.911289215087890625e-01
1.153283238410949707e+00
9.090486764907836914e-01
8.888335227966308594e-01
1.060748338699340820e+00
7.769049406051635742e-01
8.431164622306823730e-01
8.413217067718505859e-01
7.759065628051757812e-01
5.391516089439392090e-01
9.283027648925781250e-01
4.618170261383056641e-01
7.396560311317443848e-01
9.848250746726989746e-01
1.264705896377563477e+00
9.512262940406799316e-01
6.228255629539489746e-01
8.860375881195068359e-01
1.003826379776000977e+00
8.177145123481750488e-01
3.409426212310791016e-01
1.365497946739196777e+00
6.917238235473632812e-01
1.137991905212402344e+00
8.918768763542175293e-01
7.039852738380432129e-01
8.693980574607849121e-01
4.412136077880859375e-01
7.509209513664245605e-01
6.321997046470642090e-01
6.817763447761535645e-01
5.582512021064758301e-01
7.061375975608825684e-01
5.778936743736267090e-01
9.507884979248046875e-01
4.628019034862518311e-01
6.593341827392578125e-01
7.039148807525634766e-01
8.003948330879211426e-01
1.029571771621704102e+00
5.829329490661621094e-01
9.234394431114196777e-01
6.239523291587829590e-01
6.973755955696105957e-01
5.595317482948303223e-01
9.241837263107299805e-01
6.674721240997314453e-01
7.174988985061645508e-01
8.199405074119567871e-01
7.727244496345520020e-01
9.908461570739746094e-01
8.868362307548522949e-01
8.065347075462341309e-01
6.667151451110839844e-01
1.095644593238830566e+00
8.911994099617004395e-01
6.334890127182006836e-01
7.057664394378662109e-01
6.306447386741638184e-01
7.439897060394287109e-01
6.017212271690368652e-01
5.009241700172424316e-01
9.993901848793029785e-01
1.299438595771789551e+00
1.344785213470458984e+00
8.896081447601318359e-01
1.048470258712768555e+00
2.414136886596679688e+00
2.773468732833862305e+00
3.414678573608398438e+00
1.969212770462036133e+00
2.923543453216552734e+00
2.285922527313232422e+00
2.034441709518432617e+00
1.287086129188537598e+00
1.499408960342407227e+00
1.949526906013488770e+00
1.864017724990844727e+00
9.355221986770629883e-01
2.749738693237304688e+00
1.631943345069885254e+00
1.010689496994018555e+00
1.566929817199707031e+00
2.247921943664550781e+00
7.274252772331237793e-01
9.468320012092590332e-01
1.573015332221984863e+00
1.334111213684082031e+00
1.904640913009643555e+00
9.590727686882019043e-01
1.453817367553710938e+00
1.074644923210144043e+00
9.700976610183715820e-01
2.436310291290283203e+00
1.641206860542297363e+00
1.280775070190429688e+00
1.632518053054809570e+00
1.106214046478271484e+00
8.989005684852600098e-01
1.273019790649414062e+00
9.009407758712768555e-01
8.807584643363952637e-01
9.380545020103454590e-01
4.368448555469512939e-01
6.533354520797729492e-01
1.293174624443054199e+00
1.302900195121765137e+00
7.446315288543701172e-01
1.042928099632263184e+00
1.101515293121337891e+00
9.970070123672485352e-01
8.665315508842468262e-01
8.206974864006042480e-01
6.428213715553283691e-01
3.788775205612182617e-01
8.558563590049743652e-01
1.008249044418334961e+00
8.316060304641723633e-01
5.606508851051330566e-01
1.043416857719421387e+00
7.184120416641235352e-01
6.379280090332031250e-01
5.471019148826599121e-01
7.072879672050476074e-01
8.429795503616333008e-01
3.565595149993896484e-01
5.464964509010314941e-01
3.283040225505828857e-01
1.662619411945343018e-01
8.022890090942382812e-01
6.108980774879455566e-01
4.757746160030364990e-01
3.129525184631347656e-01
8.220579028129577637e-01
1.083281755447387695e+00
2.783873677253723145e-01
4.086600542068481445e-01
5.351560711860656738e-01
3.144702315330505371e-01
4.590659439563751221e-01
1.706363320350646973e+00
7.225841879844665527e-01
4.303229153156280518e-01
3.884195089340209961e-01
1.525181382894515991e-01
6.268956065177917480e-01
2.720398008823394775e-01
3.732420504093170166e-01
3.223143517971038818e-01
3.871861994266510010e-01
7.305851578712463379e-01
2.452896237373352051e-01
1.510264277458190918e-01
9.137413650751113892e-02
5.141666531562805176e-01
4.984097182750701904e-01
3.503592014312744141e-01
5.169636607170104980e-01
2.313339412212371826e-01
2.479734122753143311e-01
1.171196103096008301e+00
1.792296916246414185e-01
7.049583196640014648e-01
6.254442930221557617e-01
3.711185753345489502e-01
4.376477897167205811e-01
2.853296101093292236e-01
6.543102860450744629e-01
6.317271590232849121e-01
4.920103251934051514e-01
3.657319545745849609e-01
3.809315264225006104e-01
6.677825450897216797e-01
2.856559157371520996e-01
3.999594151973724365e-01
4.909628927707672119e-01
4.719153046607971191e-01
5.419055819511413574e-01
9.600929617881774902e-01
6.789470314979553223e-01
4.931826591491699219e-01
7.174098491668701172e-01
6.966378092765808105e-01
3.656527400016784668e-01
3.034210205078125000e-01
3.980489969253540039e-01
5.973492264747619629e-01
6.390221118927001953e-01
2.536454200744628906e-01
5.948377251625061035e-01
6.387888789176940918e-01
5.433444380760192871e-01
2.874172329902648926e-01
4.964300990104675293e-01
7.590661644935607910e-01
5.182834267616271973e-01
7.403242588043212891e-01
7.849139571189880371e-01
5.160073041915893555e-01
2.969897687435150146e-01
4.600412845611572266e-01
4.793978035449981689e-01
7.833701372146606445e-01
5.678802132606506348e-01
5.189634561538696289e-01
3.918409943580627441e-01
1.056818962097167969e-01
2.797322273254394531e-01
1.090138196945190430e+00
5.229419469833374023e-01
4.571399390697479248e-01
1.183554530143737793e+00
1.509826540946960449e+00
1.171788334846496582e+00
3.712815344333648682e-01
5.498591065406799316e-01
3.879942297935485840e-01
3.489799797534942627e-01
9.945659041404724121e-01
5.049226284027099609e-01
1.079135179519653320e+00
5.905146598815917969e-01
5.804505944252014160e-01
1.809965252876281738e+00
2.801024615764617920e-01
7.346860170364379883e-01
1.044178485870361328e+00
6.785483360290527344e-01
1.122148394584655762e+00
6.789788007736206055e-01
9.978713393211364746e-01
1.145020604133605957e+00
1.137842178344726562e+00
1.231908679008483887e+00
1.962799906730651855e+00
6.101532578468322754e-01
5.976666212081909180e-01
6.335283517837524414e-01
6.328753829002380371e-01
5.446614027023315430e-01
6.420595049858093262e-01
5.852404236793518066e-01
5.400262475013732910e-01
5.683516263961791992e-01
5.900236964225769043e-01
6.302660703659057617e-01
5.670599937438964844e-01
5.863048434257507324e-01
6.253065466880798340e-01
4.568892121315002441e-01
6.700667142868041992e-01
6.748754978179931641e-01
9.347744584083557129e-01
7.465220689773559570e-01
6.690026521682739258e-01
6.542621850967407227e-01
6.629747152328491211e-01
7.878717780113220215e-01
7.606189846992492676e-01
8.437136411666870117e-01
5.469219088554382324e-01
7.106036543846130371e-01
7.288085222244262695e-01
1.059108138084411621e+00
6.726657748222351074e-01
1.303657293319702148e+00
5.783799290657043457e-01
9.991914033889770508e-01
9.838064312934875488e-01
6.007097959518432617e-01
7.948256134986877441e-01
1.149346828460693359e+00
6.521339416503906250e-01
7.094365954399108887e-01
8.238385319709777832e-01
1.081058859825134277e+00
1.127536177635192871e+00
9.287346601486206055e-01
1.344161987304687500e+00
6.829626560211181641e-01
9.797144532203674316e-01
1.156806468963623047e+00
1.152081012725830078e+00
9.255344271659851074e-01
1.064099431037902832e+00
4.319156706333160400e-01
5.875340700149536133e-01
8.501601815223693848e-01
1.243735551834106445e+00
1.229118347167968750e+00
1.335438728332519531e+00
1.249184727668762207e+00
1.796772599220275879e+00
5.715845823287963867e-01
4.662074565887451172e+00
1.862750172615051270e+00
6.255362033843994141e-01
7.748803496360778809e-01
1.004403710365295410e+00
9.849336147308349609e-01
1.077550888061523438e+00
8.478476405143737793e-01
7.474536895751953125e-01
8.129716515541076660e-01
5.393130779266357422e-01
8.353757262229919434e-01
1.339514970779418945e+00
1.278346180915832520e+00
9.084811806678771973e-01
9.362256526947021484e-01
1.291097521781921387e+00
2.205743312835693359e+00
3.961870431900024414e+00
1.929319381713867188e+00
8.103224039077758789e-01
2.755669355392456055e+00
1.005354762077331543e+00
1.146050810813903809e+00
1.139212965965270996e+00
1.188158631324768066e+00
1.578504800796508789e+00
1.404122471809387207e+00
1.629514575004577637e+00
1.533062458038330078e+00
1.341331958770751953e+00
1.479682087898254395e+00
1.284661889076232910e+00
1.428202867507934570e+00
1.601396441459655762e+00
1.157959699630737305e+00
1.801892518997192383e+00
1.521464824676513672e+00
1.534754395484924316e+00
1.491589069366455078e+00
1.215293526649475098e+00
1.711015224456787109e+00
1.496004700660705566e+00
2.211218833923339844e+00
6.215249538421630859e+00
4.002213001251220703e+00
1.807380080223083496e+00
2.144504308700561523e+00
2.497743606567382812e+00
2.384274721145629883e+00
2.232151985168457031e+00
1.098818778991699219e+00
1.408264398574829102e+00
6.486534595489501953e+00
1.186703801155090332e+00
8.117681741714477539e-01
1.383963227272033691e+00
1.033904314041137695e+00
1.404970645904541016e+00
8.755329251289367676e-01
1.739948391914367676e+00
2.006122112274169922e+00
5.259860992431640625e+00
1.250599026679992676e+00
9.311379790306091309e-01
4.147190093994140625e+00
1.309138178825378418e+00
9.038285017013549805e-01
6.987333893775939941e-01
2.643493413925170898e+00
2.681106090545654297e+00
9.262607097625732422e-01
1.265126585960388184e+00
1.283939003944396973e+00
1.943849921226501465e+00
1.125060558319091797e+00
2.703957796096801758e+00
1.009326100349426270e+00
1.191058397293090820e+00
1.307877421379089355e+00
2.337071657180786133e+00
3.248999357223510742e+00
1.642710328102111816e+00
1.679641842842102051e+00
9.396460056304931641e-01
1.481178045272827148e+00
1.467452883720397949e+00
1.180804610252380371e+00
1.011114835739135742e+00
2.864332675933837891e+00
1.305243134498596191e+00
1.884714484214782715e+00
1.234052777290344238e+00
1.060531973838806152e+00
1.273785352706909180e+00
1.622325778007507324e+00
1.387962579727172852e+00
1.607601642608642578e+00
2.253676414489746094e+00
1.313809514045715332e+00
1.570383667945861816e+00
1.602746725082397461e+00
1.344100117683410645e+00
1.276719331741333008e+00
1.519361495971679688e+00
1.221598267555236816e+00
1.252100110054016113e+00
1.606315493583679199e+00
1.218203067779541016e+00
1.884242057800292969e+00
1.204947352409362793e+00
1.401734709739685059e+00
1.013729095458984375e+00
1.298101425170898438e+00
1.424412608146667480e+00
1.421386837959289551e+00
1.747760891914367676e+00
1.712850570678710938e+00
2.224534034729003906e+00
1.399363875389099121e+00
1.043029308319091797e+00
1.228513479232788086e+00
1.243204712867736816e+00
8.316134810447692871e-01
9.363172054290771484e-01
5.301623344421386719e-01
8.628441095352172852e-01
1.483449816703796387e+00
1.069103956222534180e+00
1.710280656814575195e+00
1.353313922882080078e+00
1.249112725257873535e+00
1.376585602760314941e+00
9.132633209228515625e-01
7.378615140914916992e-01
8.878164291381835938e-01
9.457389116287231445e-01
8.871158957481384277e-01
9.439052343368530273e-01
1.112654566764831543e+00
8.771864175796508789e-01
7.172295451164245605e-01
7.491959929466247559e-01
7.303010821342468262e-01
9.465330839157104492e-01
7.190722823143005371e-01
7.183358073234558105e-01
6.386885046958923340e-01
7.223898172378540039e-01
9.196615815162658691e-01
5.851547122001647949e-01
8.407636880874633789e-01
3.129784166812896729e-01
1.126735091209411621e+00
6.486666202545166016e-01
7.695291042327880859e-01
6.383377909660339355e-01
4.633346199989318848e-01
4.266737401485443115e-01
9.367277622222900391e-01
4.632971882820129395e-01
7.757172584533691406e-01
4.878154397010803223e-01
7.715740799903869629e-01
2.092207372188568115e-01
4.016417264938354492e-01
5.152789354324340820e-01
9.285553097724914551e-01
5.331743359565734863e-01
5.267356634140014648e-01
6.809795498847961426e-01
6.309996247291564941e-01
4.278683960437774658e-01
6.767104864120483398e-01
5.946316719055175781e-01
5.601715445518493652e-01
6.331298351287841797e-01
6.618006825447082520e-01
8.508085012435913086e-01
8.975430727005004883e-01
6.029427051544189453e-01
9.556470513343811035e-01
4.072993695735931396e-01
4.279717504978179932e-01
5.491036176681518555e-01
5.198167562484741211e-01
4.255907237529754639e-01
5.450420975685119629e-01
3.171182870864868164e-01
4.822925031185150146e-01
4.567481279373168945e-01
3.819716274738311768e-01
7.118177413940429688e-01
3.220105171203613281e-01
5.130984783172607422e-01
4.283298850059509277e-01
6.124089956283569336e-01
4.352998137474060059e-01
1.855926662683486938e-01
3.604961335659027100e-01
4.698965847492218018e-01
6.897352337837219238e-01
3.672185540199279785e-01
6.357368230819702148e-01
3.483787178993225098e-01
4.551883041858673096e-01
2.902125716209411621e-01
3.637445271015167236e-01
3.151339292526245117e-01
5.410407185554504395e-01
7.379298210144042969e-01
5.190764665603637695e-01
5.677507519721984863e-01
5.078814625740051270e-01
5.385920405387878418e-01
7.427635192871093750e-01
3.666448593139648438e-01
4.167863130569458008e-01
4.435745179653167725e-01
4.519775807857513428e-01
9.487873911857604980e-01
6.182074546813964844e-01
7.440031170845031738e-01
1.065221071243286133e+00
7.414225935935974121e-01
1.211847186088562012e+00
7.357242703437805176e-01
9.092554450035095215e-01
6.145429611206054688e-01
5.393065214157104492e-01
6.271852850914001465e-01
6.827657818794250488e-01
1.190712809562683105e+00
9.172471761703491211e-01
1.544045567512512207e+00
7.871922254562377930e-01
5.220687985420227051e-01
7.643765211105346680e-01
7.385027408599853516e-01
7.612454891204833984e-01
7.551644444465637207e-01
8.829149007797241211e-01
6.288430690765380859e-01
1.288689613342285156e+00
1.669063806533813477e+00
1.745221138000488281e+00
7.854148745536804199e-01
8.682373762130737305e-01
1.081453323364257812e+00
1.133670091629028320e+00
1.850014567375183105e+00
1.776461005210876465e+00
2.279290914535522461e+00
2.401494741439819336e+00
1.994937539100646973e+00
6.682679653167724609e+00
2.055751323699951172e+00
1.870229125022888184e+00
2.484109401702880859e+00
1.280495405197143555e+00
2.465425252914428711e+00
2.140733242034912109e+00
2.054111242294311523e+00
7.952691912651062012e-01
2.140395879745483398e+00
2.127142667770385742e+00
1.632781147956848145e+00
4.521522223949432373e-01
1.513859272003173828e+00
1.218776226043701172e+00
2.398210763931274414e+00
6.469892859458923340e-01
9.541506171226501465e-01
1.212135195732116699e+00
1.849524974822998047e+00
1.655434846878051758e+00
2.721537828445434570e+00
7.363338470458984375e-01
2.576171159744262695e+00
1.691247344017028809e+00
8.395501375198364258e-01
1.467065453529357910e+00
6.449255943298339844e-01
1.792116403579711914e+00
7.612656354904174805e-01
2.035809516906738281e+00
1.373506426811218262e+00
1.333959579467773438e+00
7.939866185188293457e-01
1.169400095939636230e+00
2.884445667266845703e+00
1.113530874252319336e+00
2.019696474075317383e+00
1.619619607925415039e+00
1.358560204505920410e+00
1.238769292831420898e+00
1.393509387969970703e+00
1.293082833290100098e+00
8.571265339851379395e-01
7.805483937263488770e-01
1.003081917762756348e+00
9.469773173332214355e-01
3.022354841232299805e+00
6.212837100028991699e-01
1.233373522758483887e+00
5.386664271354675293e-01
7.946749329566955566e-01
5.192393064498901367e-01
1.314821124076843262e+00
9.254277944564819336e-01
2.321608304977416992e+00
1.285124540328979492e+00
2.122398138046264648e+00
1.172417759895324707e+00
1.211498498916625977e+00
1.274696111679077148e+00
8.326771855354309082e-01
1.424642086029052734e+00
1.269805431365966797e+00
9.623481035232543945e-01
2.129845142364501953e+00
1.478587865829467773e+00
1.655848383903503418e+00
1.301289200782775879e+00
1.089695811271667480e+00
1.431856155395507812e+00
9.307265877723693848e-01
1.139601349830627441e+00
1.275623679161071777e+00
8.814289569854736328e-01
4.856559932231903076e-01
1.675076723098754883e+00
1.272175788879394531e+00
9.570875763893127441e-01
6.927602887153625488e-01
9.972842931747436523e-01
1.114125967025756836e+00
1.882055997848510742e+00
2.838825583457946777e-01
8.160234689712524414e-01
1.006491661071777344e+00
5.482274293899536133e-01
1.037527441978454590e+00
6.022793054580688477e-01
7.394453883171081543e-01
8.891462087631225586e-01
1.453165262937545776e-01
6.019659042358398438e-01
1.082188367843627930e+00
2.495875507593154907e-01
3.280184864997863770e-01
7.902462482452392578e-01
6.191371679306030273e-01
4.603584706783294678e-01
1.230684638023376465e+00
1.108173608779907227e+00
1.050632476806640625e+00
6.763660311698913574e-01
7.076188325881958008e-01
6.347756981849670410e-01
5.448177456855773926e-01
5.719882249832153320e-01
4.906568229198455811e-01
7.969205975532531738e-01
1.235486716032028198e-01
3.912236392498016357e-01
6.305996179580688477e-01
3.829468786716461182e-01
6.502205133438110352e-01
7.429058551788330078e-01
3.923594951629638672e-01
5.266154408454895020e-01
3.523351848125457764e-01
5.631961226463317871e-01
3.743924498558044434e-01
4.272194504737854004e-01
6.086966991424560547e-01
7.389864325523376465e-01
3.604678809642791748e-01
1.408317923545837402e+00
3.939018249511718750e-01
2.812635600566864014e-01
3.499557375907897949e-01
2.381145954132080078e-01
3.670676946640014648e-01
7.464367151260375977e-01
3.332499265670776367e-01
1.802556812763214111e-01
2.699005305767059326e-01
2.167798876762390137e-01
8.054878562688827515e-02
3.249463737010955811e-01
3.588321506977081299e-01
3.657698929309844971e-01
2.235944718122482300e-01
2.390380799770355225e-01
3.964667618274688721e-01
4.298755526542663574e-01
7.521315664052963257e-02
3.702674508094787598e-01
4.045120775699615479e-01
2.786323130130767822e-01
3.945160806179046631e-01
2.086593806743621826e-01
2.756798863410949707e-01
2.017671167850494385e-01
5.954260230064392090e-01
1.994468420743942261e-01
1.897352337837219238e-01
3.123671710491180420e-01
5.425956845283508301e-01
2.247164696455001831e-01
2.739053964614868164e-01
2.584646642208099365e-01
5.328043699264526367e-01
3.724005222320556641e-01
4.602905809879302979e-01
3.247776925563812256e-01
2.435981333255767822e-01
1.600281298160552979e-01
3.236339986324310303e-01
2.601489722728729248e-01
8.657516241073608398e-01
1.145363450050354004e-01
4.128428697586059570e-01
5.548941493034362793e-01
6.872065067291259766e-01
2.660973072052001953e-01
3.387639224529266357e-01
7.513964176177978516e-01
4.884879291057586670e-01
5.338440537452697754e-01
3.770446479320526123e-01
5.615845322608947754e-01
7.319958806037902832e-01
4.174807965755462646e-01
4.510156214237213135e-01
6.262260675430297852e-01
6.944943666458129883e-01
3.580513596534729004e-01
6.648789048194885254e-01
8.872306942939758301e-01
7.229267954826354980e-01
1.196046948432922363e+00
6.606762409210205078e-01
5.062785148620605469e-01
5.352887511253356934e-01
8.135015368461608887e-01
7.686272263526916504e-01
1.154089689254760742e+00
5.585483312606811523e-01
9.803843498229980469e-01
4.567933082580566406e-01
7.582467198371887207e-01
4.817335903644561768e-01
7.304079532623291016e-01
4.994758367538452148e-01
8.799335360527038574e-01
4.934201836585998535e-01
1.486593365669250488e+00
1.101587772369384766e+00
6.262711882591247559e-01
1.215981245040893555e+00
1.197144746780395508e+00
8.665633797645568848e-01
7.254476547241210938e-01
9.919998049736022949e-01
6.936703920364379883e-01
3.937023282051086426e-01
6.836357712745666504e-01
9.241216182708740234e-01
8.800683021545410156e-01
1.057733893394470215e+00
7.713391780853271484e-01
1.834846138954162598e+00
1.978465914726257324e+00
1.490032315254211426e+00
1.262676000595092773e+00
3.892371892929077148e+00
1.932477831840515137e+00
1.532592654228210449e+00
2.282328844070434570e+00
3.353083610534667969e+00
2.601885795593261719e+00
1.635812163352966309e+00
2.427504777908325195e+00
2.360461950302124023e+00
2.780870199203491211e+00
1.890799999237060547e+00
8.209944367408752441e-01
4.248566627502441406e+00
1.888389110565185547e+00
1.352236866950988770e+00
2.131766796112060547e+00
2.178710937500000000e+00
2.637640237808227539e+00
1.803150892257690430e+00
1.502535581588745117e+00
1.516614556312561035e+00
8.133008480072021484e-01
1.805306911468505859e+00
1.437571525573730469e+00
1.446822285652160645e+00
1.671989798545837402e+00
1.130347967147827148e+00
1.325948476791381836e+00
1.366189241409301758e+00
8.788990378379821777e-01
1.193622231483459473e+00
1.100407004356384277e+00
1.494705438613891602e+00
1.595589518547058105e+00
1.133314371109008789e+00
1.517804026603698730e+00
1.677148222923278809e+00
1.462611317634582520e+00
1.132987737655639648e+00
1.331929564476013184e+00
1.472318768501281738e+00
1.407304167747497559e+00
1.194656014442443848e+00
1.533429503440856934e+00
1.134466052055358887e+00
1.620778203010559082e+00
1.118010401725769043e+00
1.357802033424377441e+00
1.045908570289611816e+00
1.047103166580200195e+00
1.183658599853515625e+00
1.117101550102233887e+00
1.587051153182983398e+00
1.380462288856506348e+00
1.199736952781677246e+00
1.403705954551696777e+00
1.798922061920166016e+00
1.205280423164367676e+00
1.278951525688171387e+00
1.001208186149597168e+00
1.136328458786010742e+00
1.370279073715209961e+00
1.533420681953430176e+00
1.255394577980041504e+00
1.458469986915588379e+00
1.378291606903076172e+00
1.370539903640747070e+00
1.264799952507019043e+00
9.534170031547546387e-01
1.255300164222717285e+00
9.582968950271606445e-01
1.266354799270629883e+00
1.359158396720886230e+00
8.880677819252014160e-01
1.138682961463928223e+00
1.215179085731506348e+00
8.610274791717529297e-01
8.606982827186584473e-01
7.894499301910400391e-01
9.583217501640319824e-01
1.002570033073425293e+00
6.853480935096740723e-01
1.118355154991149902e+00
8.323083519935607910e-01
9.716310501098632812e-01
7.588332891464233398e-01
6.201138496398925781e-01
6.036313176155090332e-01
7.178339958190917969e-01
8.400179147720336914e-01
7.561077475547790527e-01
6.149942278861999512e-01
8.663516640663146973e-01
8.765589594841003418e-01
8.592984080314636230e-01
8.468311429023742676e-01
9.203253388404846191e-01
6.263308525085449219e-01
1.204622745513916016e+00
9.072517752647399902e-01
7.216120362281799316e-01
8.261992335319519043e-01
7.819394469261169434e-01
9.049767851829528809e-01
1.307785749435424805e+00
8.496817946434020996e-01
1.141110539436340332e+00
8.978063464164733887e-01
1.224048614501953125e+00
9.749573469161987305e-01
1.255297541618347168e+00
8.426202535629272461e-01
8.233332633972167969e-01
1.415216445922851562e+00
1.104430794715881348e+00
1.223318338394165039e+00
1.206795930862426758e+00
8.951277136802673340e-01
1.116658926010131836e+00
1.355659008026123047e+00
1.166165828704833984e+00
8.459295630455017090e-01
8.980025053024291992e-01
1.256126880645751953e+00
7.431935667991638184e-01
1.160701036453247070e+00
1.109315276145935059e+00
1.310647845268249512e+00
1.305446147918701172e+00
1.512666106224060059e+00
1.451642513275146484e+00
9.786083102226257324e-01
1.684868812561035156e+00
1.263355731964111328e+00
1.310644984245300293e+00
1.067682266235351562e+00
1.591086506843566895e+00
7.333926558494567871e-01
1.579917073249816895e+00
1.247085452079772949e+00
1.501966595649719238e+00
1.125061869621276855e+00
1.242991209030151367e+00
1.275110363960266113e+00
1.410055398941040039e+00
1.474450588226318359e+00
1.519597649574279785e+00
1.379964828491210938e+00
1.178950667381286621e+00
1.446764945983886719e+00
1.591788411140441895e+00
1.397941827774047852e+00
1.500847697257995605e+00
1.827523708343505859e+00
2.370042085647583008e+00
1.806021213531494141e+00
1.518428802490234375e+00
2.255414247512817383e+00
1.846621751785278320e+00
1.782847762107849121e+00
2.449085474014282227e+00
1.623617887496948242e+00
1.744813442230224609e+00
2.580294847488403320e+00
1.730182528495788574e+00
2.268703699111938477e+00
2.161682605743408203e+00
2.001269340515136719e+00
1.793888807296752930e+00
2.337611913681030273e+00
2.485889673233032227e+00
2.488511323928833008e+00
2.487149477005004883e+00
2.162349939346313477e+00
2.821782588958740234e+00
2.535857439041137695e+00
2.180663824081420898e+00
1.321208119392395020e+00
1.487820386886596680e+00
2.775501251220703125e+00
1.799103617668151855e+00
2.784429550170898438e+00
2.032085180282592773e+00
1.131954312324523926e+00
2.321698904037475586e+00
1.157878756523132324e+00
1.814250111579895020e+00
1.482916712760925293e+00
4.023100852966308594e+00
2.359106302261352539e+00
4.116350650787353516e+00
1.320367813110351562e+00
2.307511806488037109e+00
3.096127986907958984e+00
1.988888263702392578e+00
1.107284545898437500e+00
6.049584865570068359e+00
3.053786754608154297e+00
3.424859046936035156e+00
4.360688209533691406e+00
6.217096805572509766e+00
1.236200809478759766e+00
3.004333734512329102e+00
2.865711212158203125e+00
1.902172207832336426e+00
2.935566186904907227e+00
2.925482273101806641e+00
5.960994243621826172e+00
3.153985261917114258e+00
2.433109998703002930e+00
1.289371609687805176e+00
3.864346981048583984e+00
2.721385002136230469e+00
1.665440082550048828e+00
3.004294633865356445e+00
1.769191265106201172e+00
2.346628665924072266e+00
3.544401407241821289e+00
9.230748414993286133e-01
1.253236532211303711e+00
6.122841238975524902e-01
2.702553749084472656e+00
1.330775856971740723e+00
1.464452624320983887e+00
1.973432183265686035e+00
1.435452580451965332e+00
3.183191537857055664e+00
1.195877671241760254e+00
2.490116357803344727e+00
1.510781526565551758e+00
8.160064220428466797e-01
1.881318449974060059e+00
8.091965317726135254e-01
1.981781363487243652e+00
1.051318883895874023e+00
8.521249890327453613e-01
9.266604185104370117e-01
2.634134054183959961e+00
7.409912347793579102e-01
8.014564514160156250e-01
8.410405516624450684e-01
9.387852549552917480e-01
7.793673872947692871e-01
1.201771259307861328e+00
1.228341579437255859e+00
1.922813057899475098e+00
7.065382003784179688e-01
9.825577139854431152e-01
1.317625522613525391e+00
1.340100049972534180e+00
1.246209025382995605e+00
6.772196292877197266e-01
1.202302813529968262e+00
7.893326878547668457e-01
9.429924488067626953e-01
1.068681240081787109e+00
1.280688285827636719e+00
9.924237132072448730e-01
1.216867208480834961e+00
8.064805865287780762e-01
9.444698691368103027e-01
1.328237056732177734e+00
6.872151494026184082e-01
1.334570169448852539e+00
1.796191334724426270e+00
8.073543906211853027e-01
1.104406356811523438e+00
8.147451281547546387e-01
8.770099878311157227e-01
5.351641774177551270e-01
9.091733098030090332e-01
6.846832633018493652e-01
6.972218751907348633e-01
1.237356662750244141e+00
6.560426354408264160e-01
7.503120899200439453e-01
3.866744339466094971e-01
8.530985116958618164e-01
5.364544391632080078e-01
6.802478432655334473e-01
4.293180406093597412e-01
1.014748215675354004e+00
8.378142714500427246e-01
6.684796810150146484e-01
2.153949886560440063e-01
7.192901968955993652e-01
4.794427454471588135e-01
1.083729267120361328e+00
8.049340248107910156e-01
5.442185401916503906e-01
1.141382336616516113e+00
1.399258852005004883e+00
6.342304348945617676e-01
9.281312823295593262e-01
9.074100852012634277e-01
1.410449504852294922e+00
9.148524999618530273e-01
1.297580718994140625e+00
1.336195230484008789e+00
6.534145474433898926e-01
1.424473047256469727e+00
9.763433337211608887e-01
1.293912053108215332e+00
1.009793400764465332e+00
2.862669467926025391e+00
1.568683862686157227e+00
1.884881377220153809e+00
2.098969221115112305e+00
9.141424894332885742e-01
1.413962244987487793e+00
1.593110918998718262e+00
9.089362025260925293e-01
1.438508510589599609e+00
1.012228608131408691e+00
1.347182154655456543e+00
9.386324882507324219e-01
1.262956619262695312e+00
1.732037782669067383e+00
1.227414131164550781e+00
1.455268502235412598e+00
1.365970253944396973e+00
1.711362242698669434e+00
1.421806693077087402e+00
1.272028088569641113e+00
1.822397708892822266e+00
1.683578372001647949e+00
1.188900232315063477e+00
1.515687108039855957e+00
1.732090473175048828e+00
1.340468049049377441e+00
1.420355439186096191e+00
2.163878679275512695e+00
1.511402845382690430e+00
1.534860491752624512e+00
2.350162982940673828e+00
2.571103096008300781e+00
1.475239753723144531e+00
1.779357075691223145e+00
1.555761814117431641e+00
1.814669489860534668e+00
9.823095798492431641e-01
8.072311282157897949e-01
2.151527404785156250e+00
1.769435882568359375e+00
2.120341539382934570e+00
2.403500080108642578e+00
1.832341790199279785e+00
2.216144800186157227e+00
1.749015450477600098e+00
2.067938804626464844e+00
1.622627615928649902e+00
1.826421380043029785e+00
1.906677126884460449e+00
1.261902093887329102e+00
2.359799385070800781e+00
1.286787033081054688e+00
8.077503442764282227e-01
1.258383154869079590e+00
1.487074613571166992e+00
1.741740584373474121e+00
2.241444110870361328e+00
1.555754899978637695e+00
1.257879018783569336e+00
2.085868597030639648e+00
2.462798357009887695e+00
1.532740592956542969e+00
2.088943481445312500e+00
1.251125216484069824e+00
2.624026536941528320e+00
3.290838479995727539e+00
4.493769168853759766e+00
4.849014759063720703e+00
3.118190288543701172e+00
1.737917661666870117e+00
